1
1
1
1
1
1
1
1
1
2
2
2
2
2
2
3
3
3
3
3
3
3
4
5
5
5
5
5
5
5
5
6
6
6
6
6
6
7
7
7
7
7
8
8
8
9
9
9
9
9
9
9
9
10
10
10
10
10
11
11
11
11
11
12
13
13
13
13
14
14
15
15
16
16
16
16
16
16
16
16
16
17
17
17
17
17
18
18
18
18
18
18
19
19
20
20
21
21
21
22
22
23
23
23
23
23
24
24
24
25
25
25
25
25
25
25
26
26
26
26
26
27
27
27
28
28
29
30
31
31
31
31
31
31
31
31
31
32
32
32
32
33
33
33
33
34
34
34
35
35
35
35
36
36
36
36
36
37
37
37
37
38
38
38
38
38
39
39
39
39
39
41
41
41
41
41
42
42
43
43
43
43
43
43
44
44
44
44
44
44
45
45
46
46
46
46
47
47
47
47
47
47
48
48
49
49
49
49
50
50
51
51
51
51
51
51
52
52
53
53
54
54
54
54
54
55
55
56
56
56
56
57
58
58
58
58
60
60
60
60
60
61
62
63
63
63
63
65
66
66
67
67
68
68
70
71
71
71
72
72
72
73
73
73
74
74
75
75
75
76
76
76
77
77
77
78
78
78
78
79
80
81
81
81
82
82
83
84
84
84
85
85
85
85
86
86
87
87
87
88
88
88
88
89
89
90
91
91
91
91
91
92
92
92
94
94
95
95
95
96
96
96
96
97
97
97
98
99
100
100
100
101
101
101
101
104
105
105
105
106
107
108
109
109
110
110
110
111
111
112
114
114
115
115
116
116
116
117
118
119
119
119
119
120
121
121
123
123
123
123
123
124
125
126
126
126
126
127
127
127
127
128
128
128
129
129
129
129
131
131
131
132
132
132
133
133
134
135
135
135
136
137
138
139
139
139
141
141
141
141
142
142
143
143
144
147
147
147
150
151
151
152
152
154
154
154
155
156
157
157
158
158
159
159
159
159
160
160
161
162
163
163
164
164
164
165
165
166
166
166
168
168
169
171
171
172
172
172
173
174
174
174
177
177
178
179
179
180
180
182
183
184
184
185
186
186
187
188
189
190
190
190
191
191
191
191
191
192
192
192
193
194
194
194
195
196
197
201
202
202
203
203
204
204
205
205
206
207
207
207
208
208
208
210
211
212
212
213
213
215
216
217
218
218
219
219
221
221
224
224
224
225
225
225
227
228
228
230
231
231
232
233
233
233
233
234
235
235
237
237
237
237
237
238
238
239
240
240
243
244
244
244
245
247
247
248
248
248
251
251
252
253
253
253
253
254
254
255
256
257
258
258
259
260
262
263
264
267
270
270
270
271
271
272
272
272
273
273
274
275
278
278
279
281
283
283
283
284
285
285
288
288
289
291
293
293
293
294
296
296
296
297
298
298
299
303
304
305
305
305
306
306
306
307
307
308
309
312
312
314
315
316
316
318
318
319
320
321
321
323
323
324
324
325
326
326
328
329
329
330
330
331
331
331
331
334
335
335
337
337
338
338
339
339
339
341
342
342
346
346
347
347
348
348
348
350
350
351
351
351
352
352
356
357
358
360
360
360
361
362
364
366
366
367
367
368
368
368
369
372
373
375
377
380
380
381
385
385
386
388
389
390
390
390
390
392
392
392
393
395
395
396
397
398
399
401
401
404
404
405
407
408
408
411
411
411
411
412
413
413
413
414
416
416
416
416
417
418
419
419
420
420
420
423
426
428
429
430
430
431
432
434
434
435
436
437
437
438
438
439
439
440
441
441
442
443
444
444
446
446
449
449
449
451
454
454
455
456
456
457
459
459
460
461
461
461
461
462
463
464
465
467
467
470
472
474
475
476
476
476
478
479
482
483
485
485
486
486
488
491
492
492
492
494
495
495
496
496
496
497
498
499
501
503
503
505
510
510
512
513
514
515
516
516
520
521
522
522
522
526
533
533
537
538
541
541
543
545
548
548
551
552
552
553
554
555
557
557
558
559
560
564
574
576
577
577
578
578
579
580
580
583
585
587
590
591
591
596
596
596
600
601
603
605
606
607
609
610
611
619
619
628
630
631
634
640
643
644
646
653
654
655
655
655
658
660
671
672
673
677
678
679
682
685
685
686
689
691
693
695
697
697
700
702
703
707
709
713
718
719
720
722
722
725
736
739
739
741
742
745
747
752
753
754
754
758
770
775
783
784
788
788
792
792
792
799
800
800
801
813
822
825
830
830
835
837
838
853
855
855
859
869
875
877
877
895
904
933
939
950
