1
2
1
2
5
2
1
5
2
3
6
11
1
14
9
7
17
3
10
14
3
17
10
5
8
23
14
19
4
28
29
17
16
16
13
34
31
36
38
20
10
28
6
4
23
28
41
42
20
14
49
39
13
43
19
55
45
19
40
26
36
41
46
18
50
51
53
32
6
15
12
5
24
25
45
28
70
64
25
5
28
18
69
75
31
10
49
15
58
75
13
29
74
79
2
31
39
74
69
70
63
76
52
104
101
56
68
24
2
106
34
75
103
7
97
36
73
59
88
58
86
50
90
14
24
117
56
17
70
47
95
100
92
30
91
76
37
102
96
3
62
47
8
82
132
23
103
145
58
71
137
111
115
120
109
111
7
54
150
101
8
65
60
151
59
8
59
39
72
26
123
42
46
173
139
138
18
9
74
129
143
11
69
121
86
32
31
134
182
158
16
160
85
142
88
108
48
3
66
85
99
112
9
152
186
46
13
44
102
85
187
161
108
23
131
184
123
32
40
162
175
51
120
115
34
226
37
75
72
1
174
11
171
219
214
126
232
107
124
99
139
56
126
194
177
103
163
25
134
109
219
16
55
64
27
208
59
42
125
256
66
255
3
40
75
73
74
159
195
97
125
114
39
267
18
223
252
157
75
150
55
135
53
75
124
234
260
207
125
83
38
61
281
237
65
57
207
162
74
131
255
268
285
265
260
304
229
70
229
93
279
273
46
240
125
299
38
238
242
154
114
150
43
278
295
170
326
106
144
291
245
55
240
280
143
27
133
186
51
214
341
36
84
302
93
192
264
142
191
39
170
263
240
253
224
303
287
32
22
227
308
341
30
45
87
145
235
198
158
363
229
105
62
356
71
162
177
7
274
48
55
128
289
147
371
128
318
366
259
382
245
227
250
366
137
175
212
361
321
75
350
32
382
220
62
242
153
222
152
183
399
236
186
182
381
116
103
241
103
77
40
36
369
278
203
33
19
57
239
181
167
261
105
29
117
32
91
403
125
78
23
309
251
49
230
124
116
180
253
375
263
432
214
284
299
396
145
202
224
352
184
250
207
50
118
449
258
235
111
265
270
260
445
23
191
444
433
77
26
104
84
128
334
136
258
177
351
108
192
86
434
183
469
41
231
302
189
434
340
271
114
177
154
116
124
482
171
447
198
65
52
77
378
346
169
235
72
464
475
203
231
116
11
145
40
146
82
154
455
19
530
16
30
437
438
89
190
280
6
73
26
76
385
329
71
176
200
206
242
371
395
492
391
142
493
59
221
472
76
504
24
108
200
488
335
42
167
563
270
561
562
471
380
208
453
221
202
347
13
311
315
391
94
217
500
167
267
226
229
23
90
361
15
268
389
208
155
443
581
155
488
448
530
547
367
7
331
181
362
483
215
556
546
436
308
123
574
273
103
152
360
316
28
535
120
140
554
5
67
579
310
257
465
372
57
551
489
256
59
321
62
332
31
151
354
249
301
568
249
453
7
512
26
229
176
93
389
246
395
606
389
618
633
143
246
214
464
345
283
16
327
452
113
615
158
403
504
398
639
310
193
606
290
57
536
155
78
142
657
331
373
639
308
115
613
308
59
272
327
627
58
427
651
300
697
663
638
520
709
464
532
52
204
75
582
622
62
61
316
19
226
489
79
520
481
269
91
393
175
229
700
38
278
354
394
230
493
601
651
409
452
217
115
498
114
638
610
100
370
544
65
413
618
561
11
132
584
192
497
311
199
527
408
256
483
507
487
520
142
328
220
377
675
56
170
152
229
170
82
356
668
472
735
456
75
251
152
426
601
482
186
591
69
118
78
624
335
6
10
130
27
611
114
590
742
120
492
539
452
331
154
628
353
6
63
668
618
200
554
806
14
498
254
55
492
100
628
467
472
483
246
657
576
626
215
822
129
406
483
39
756
287
711
259
684
253
531
836
292
506
393
708
641
135
627
264
372
282
385
296
122
271
383
587
759
447
492
405
826
405
118
518
419
290
559
641
272
21
243
760
616
247
739
300
357
470
442
359
549
284
531
537
323
140
650
677
307
703
295
106
305
169
421
37
227
784
75
102
712
632
778
186
497
15
606
563
383
837
555
742
328
512
76
637
725
34
873
518
508
874
387
135
658
500
177
417
794
831
739
747
700
155
38
236
450
108
524
238
340
25
179
233
586
285
494
918
228
312
724
565
106
723
742
900
50
289
57
723
408
704
487
431
25
285
369
568
280
470
3
41
79
477
853
831
531
743
304
702
180
152
310
910
784
957
507
125
864
827
767
47
