2
3
5
6
6
6
6
8
8
8
9
9
10
12
14
14
15
15
15
16
16
17
18
19
19
19
19
20
20
21
21
22
26
27
27
28
29
30
30
31
32
33
34
35
36
37
39
39
40
41
41
43
45
47
47
47
47
47
48
50
52
52
52
53
54
56
57
57
58
58
58
59
59
60
61
62
62
64
65
65
68
70
72
72
75
75
76
77
78
79
80
81
85
86
92
92
93
95
96
96
97
100
102
103
104
106
107
107
107
108
108
109
110
110
112
112
114
115
115
119
125
127
127
128
128
129
130
130
130
131
133
134
135
135
135
138
140
142
142
142
144
146
147
147
147
148
151
153
154
159
160
160
163
165
165
166
166
169
170
172
172
173
174
175
176
177
177
177
179
179
180
181
182
182
183
184
184
184
187
187
187
187
187
188
190
190
190
191
192
193
193
194
196
197
197
198
198
199
202
203
203
205
209
209
211
211
211
212
213
213
214
214
215
215
216
216
218
219
219
220
221
221
222
224
225
226
227
229
229
230
232
232
233
233
234
236
236
239
239
242
246
247
250
252
252
252
254
254
255
255
257
257
257
258
259
260
260
262
263
263
263
264
265
266
266
267
270
271
271
275
277
280
280
282
282
282
283
283
284
284
284
288
288
290
290
293
294
295
295
296
297
298
298
299
299
300
300
302
304
305
305
307
307
307
308
309
309
310
310
313
314
315
315
315
316
316
316
316
317
317
319
319
319
320
321
323
323
325
325
328
329
329
330
335
336
336
336
338
339
340
340
341
342
342
343
343
345
345
345
345
347
347
348
349
351
351
351
352
352
355
355
356
356
358
358
358
359
360
360
361
363
363
364
364
365
365
366
366
366
368
369
371
372
373
375
375
375
376
376
377
377
379
381
381
382
382
383
385
385
386
386
388
389
391
392
393
393
393
395
397
398
398
399
399
400
400
400
401
402
404
404
406
407
407
409
673
625
634
715
483
551
611
706
412
620
459
631
753
478
452
651
681
418
605
449
877
444
456
481
509
600
747
474
548
519
413
490
709
649
434
543
448
416
617
681
741
683
605
630
610
650
522
752
455
552
675
619
701
533
519
688
695
555
669
754
624
576
516
452
455
420
472
578
412
617
641
545
587
733
597
752
581
474
668
576
707
726
667
676
644
503
740
539
619
706
511
215
462
419
677
709
446
445
576
700
418
725
422
445
662
659
755
722
553
612
457
501
614
556
663
651
620
692
411
630
445
627
527
637
568
541
448
723
468
417
523
561
410
577
417
722
591
462
745
540
708
540
708
679
550
669
564
509
473
627
561
505
666
472
447
577
466
493
564
705
436
465
521
638
685
754
510
651
532
638
596
506
555
429
480
682
608
630
458
477
662
432
657
513
651
538
746
703
591
417
660
446
488
582
548
477
674
676
591
450
500
578
561
456
448
417
434
631
632
429
670
418
753
711
447
414
562
678
685
555
667
742
460
516
465
522
637
673
716
630
414
530
464
639
493
417
486
700
598
564
552
600
530
746
738
453
618
448
485
738
539
556
651
540
466
440
465
744
575
750
498
463
666
661
731
531
421
644
714
629
676
467
623
659
529
583
749
689
663
747
555
746
516
710
525
752
590
590
460
495
439
741
515
579
614
507
619
728
451
521
530
456
527
461
663
668
717
591
554
579
443
435
466
591
512
756
503
465
623
531
659
585
455
624
685
485
529
677
663
696
588
565
668
494
445
441
634
552
592
650
415
654
684
568
588
467
463
566
504
527
755
449
491
600
616
565
670
436
736
413
756
758
758
758
760
761
761
763
764
765
765
766
767
767
767
769
771
772
773
774
774
774
778
780
780
781
782
783
783
786
786
788
790
790
790
790
791
792
792
793
793
794
798
801
801
802
804
804
805
806
811
811
816
817
818
820
821
823
824
825
829
830
831
831
835
835
835
836
837
839
839
840
843
843
844
845
845
847
848
849
851
851
852
853
856
857
858
860
861
861
861
863
863
864
866
867
868
870
870
870
873
874
874
874
875
876
876
877
877
877
878
878
880
881
883
883
885
888
888
891
891
892
896
896
900
901
903
903
904
907
909
909
911
915
918
918
918
919
920
921
924
925
926
927
927
927
928
930
930
931
932
933
934
934
935
936
936
937
938
939
940
941
942
943
945
947
948
948
950
950
950
950
950
953
954
955
956
956
959
959
959
960
960
962
962
963
963
967
967
969
971
973
975
975
976
977
978
979
979
982
983
983
984
988
988
989
989
989
991
993
993
995
996
997
999
